sgptDataTables
10000
10001
10002
10003
10007
10010
10011
10028
10029
10030
10031
10032
10033
10034
10035
10038
10039
10041
10044
10049
10052
10054
10055
10056
10057
10058
10063
10064
10078
10082
10083
10085
10086
10088
10089
10091
10092
10093
10095
10099
10100
10101
10103
10104
10105
10108
10110
10111
10112
10114
10118
10119
10120
10121
10122
10123
10126
10127
10130
10134
10135
10141
10142
10143
10144
10146
10147
10148
10150
10152
10153
10154
10156
10157
10158
10159
10160
10161
10162
10163
10168
10170
10171
10175
10176
10177
10178
10179
10180
10181
10182
10184
10185
10186
10187
10188
10189
10190
10193
10196
10197
10198
10201
10203
10205
10208
10209
10210
10211
10212
10213
10214
10216
10220
10221
10223
10226
10228
10229
10230
10231
10233
10234
10235
10240
10241
10242
10243
10244
10245
10247
10248
10249
10250
10251
10252
10253
10254
10255
10257
10258
10259
10260
10261
10262
10266
10267
10271
10272
10273
10274
10277
10279
10284
10289
10290
10291
10293
10299
10300
10304
10305
10306
10307
10317
10318
10319
10320
10321
10322
10323
10324
10327
10328
10330
10331
10332
10333
10334
10335
10336
10339
10342
10344
10348
10349
10350
10351
10352
10353
10354
10355
10356
10359
10360
10361
10362
10363
10365
10366
10367
10369
10372
10373
10374
10375
10376
10377
10378
10379
10383
10384
10386
10389
10390
10392
10393
10394
10395
10396
10397
10398
10399
10401
10402
10403
10407
10409
10413
10414
10415
10416
10418
10420
10421
10422
10424
10425
10426
10427
10428
10430
10431
10432
10433
10434
10438
10442
10457
10460
10461
10462
10465
10466
10468
10470
10474
10475
10476
10477
10478
10479
10480
10481
10482
10483
10484
10485
10486
10487
10496
10502
10503
10511
10514
10515
10516
10517
10518
10519
10520
10521
10522
10523
10524
10526
10535
10537
10538
10539
10540
10541
10542
10543
10544
10545
10546
10547
10548
10549
10550
10551
10555
10557
10561
10562
10563
10564
10565
10566
10567
10568
10569
10572
10573
10575
10576
10583
10590
10600
10601
10604
10606
10614
10616
10621
10624
10626
10628
10629
10631
10632
10633
10634
10635
10636
10637
10638
10639
10646
10647
10648
10649
10650
10652
10653
10654
10655
10668
10680
10682
10683
10684
10685
10687
10688
10689
10690
10692
10695
10699
10701
10703
10705
10707
10708
10709
10719
10720
10723
10725
10727
10731
10732
10737
10739
10740
10746
10747
10748
10749
10751
10754
10756
10757
10758
10759
10760
10765
10767
10768
10771
10772
10775
10776
10777
10781
10783
10789
10790
10795
10802
10806
10807
10808
10810
10811
10815
10816
10820
10821
10823
10825
10826
10828
10829
10830
10831
10832
10833
10834
10836
10837
10838
10839
10840
10841
10842
10843
10855
10866
10877
10878
10879
10882
10883
10885
10888
10889
10890
10891
10892
10893
10895
10896
10897
10898
10899
10900
10901
10902
10905
10906
10907
10908
10910
10911
10912
10913
10914
10920
10923
10926
10927
10930
10932
10933
10941
10942
10945
10946
10947
10948
10949
10950
10951
10952
10953
10954
10955
10957
10958
10961
10962
10963
10964
10966
10968
10974
10976
10977
10978
10979
10980
10981
10982
10983
10984
10985
10988
10989
10999
11002
11003
11004
11005
11006
11008
11010
11011
11012
11013
11016
11017
11018
11019
11020
11021
11023
11025
11026
11029
11030
11031
11036
11037
11039
11040
11041
11042
11047
11050
11051
11053
11055
11057
11058
11059
11060
11062
11064
11065
11066
11067
11069
11070
11082
11085
11086
11087
11100
11102
11105
11107
11108
11111
11112
11113
11115
11116
11119
11120
11121
11122
11123
11124
11125
11126
11127
11128
11129
11130
11131
11132
11133
11134
11136
11137
11139
11140
11141
11142
11143
11146
11148
11149
11150
11152
11153
11214
11221
11226
11227
11242
11246
11248
11250
11252
11259
11260
11261
11263
11269
11270
11276
11280
11283
11284
11285
11286
11287
11288
11289
11291
11295
11297
11298
11300
11302
11303
11307
