sgptDataTables
10001
10004
10010
10020
10021
10022
10025
10027
10030
10034
10035
10037
10038
10039
10041
10044
10045
10046
10047
10055
10056
10057
10059
10060
10062
10065
10066
10067
10068
10071
10073
10074
10075
10076
10077
10078
10079
10080
10081
10082
10085
10086
10087
10090
10095
10096
10097
10099
10100
10101
10102
10106
10113
10118
10119
10120
10121
10122
10123
10124
10126
10127
10128
10130
10134
10136
10137
10138
10142
10143
10146
10147
10148
10150
10152
10153
10154
10156
10157
10158
10159
10160
10161
10162
10163
10168
10169
10170
10171
10173
10175
10176
10177
10178
10179
10180
10181
10182
10183
10184
10185
10186
10187
10188
10189
10190
10191
10198
10201
10204
10205
10206
10210
10211
10214
10215
10216
10217
10220
10222
10223
10224
10225
10226
10228
10229
10231
10233
10234
10235
10240
10241
10242
10243
10244
10246
10249
10250
10253
10254
10255
10257
10258
10259
10260
10261
10262
10263
10264
10265
10266
10267
10269
10270
10271
10273
10274
10276
10277
10280
10281
10283
10284
10285
10289
10290
10291
10292
10293
10294
10295
10296
10297
10298
10299
10300
10302
10304
10305
10307
10311
10312
10313
10314
10315
10316
10317
10318
10319
10321
10322
10323
10324
10325
10328
10331
10332
10336
10337
10339
10342
10344
10348
10350
10351
10352
10355
10356
10357
10360
10361
10362
10363
10364
10365
10366
10367
10368
10369
10371
10372
10373
10376
10377
10378
10379
10384
10385
10386
10390
10391
10392
10393
10394
10395
10396
10397
10398
10399
10400
10401
10402
10403
10404
10407
10408
10409
10415
10417
10418
10419
10420
10421
10422
10423
10424
10425
10426
10427
10428
10429
10431
10432
10433
10434
10436
10437
10438
10439
10442
10443
10444
10445
10446
10447
10448
10449
10450
10451
10452
10453
10454
10455
10456
10458
10459
10460
10461
10462
10463
10464
10465
10466
10468
10469
10470
10471
10472
10473
10474
10475
10476
10477
10478
10479
10480
10481
10483
10484
10485
10486
10487
10488
10490
10491
10492
10493
10494
10497
10498
10501
10511
10512
10513
10514
10516
10517
10518
10519
10520
10521
10522
10523
10524
10525
10526
10528
10529
10530
10532
10533
10535
10551
10552
10553
10554
10557
10559
10560
10562
10563
10564
10565
10566
10567
10583
10584
10587
10590
10592
10596
10597
10599
10600
10601
10602
10603
10604
10605
10611
10612
10613
10614
10616
10617
10618
10623
10624
10625
10626
10627
10628
10629
10630
10631
10638
10655
10659
10660
10666
10668
10671
10682
10683
10684
10686
10687
10688
10689
10690
10691
10692
10693
10694
10695
10696
10697
10698
10699
10700
10701
10702
10704
10706
10707
10708
10709
10710
10711
10717
10718
10719
10720
10722
10723
10724
10725
10726
10728
10729
10730
10731
10732
10733
10734
10735
10736
10739
10740
10746
10749
10750
10751
10752
10753
10754
10755
10756
10759
10760
10762
10765
10767
10768
10770
10771
10772
10773
10775
10776
10777
10781
10782
10783
10785
10786
10787
10788
10789
10791
10792
10793
10795
10797
10799
10802
10803
10804
10807
10808
10810
10811
10813
10815
10816
10817
10820
10821
10822
10826
10828
10830
10831
10832
10833
10834
10835
10839
10840
10841
10842
10847
10853
10854
10855
10859
10860
10861
10862
10865
10866
10867
10868
10875
10876
10877
10878
10879
10880
10881
10882
10883
10888
10890
10892
10893
10895
10896
10899
10900
10901
10902
10903
10909
10912
10913
10914
10920
10921
10922
10924
10931
10933
10936
10937
10938
10940
10941
10942
10945
10946
10947
10948
10949
10950
10952
10953
10954
10955
10957
10961
10962
10963
10964
10966
10968
10974
10975
10976
10977
10978
10979
10980
10981
10982
10983
10984
10985
10988
10989
10999
11000
11001
11002
11003
11004
11005
11006
11008
11011
11012
11013
11016
11017
11018
11019
11021
11022
11023
11024
11025
11026
11027
11029
11034
11036
11037
11039
11041
11042
11047
11050
11053
11055
11057
11058
11059
11060
11061
11062
11063
11064
11065
11066
11067
11068
11077
11082
11083
11084
11086
11087
11088
11100
11107
11108
11109
11110
11111
11112
11113
11114
11115
11116
11117
11118
11119
11120
11121
11122
11123
11124
11125
11126
11127
11128
11129
11130
11135
11136
11137
11140
11141
11142
11143
11146
11147
11150
11151
11152
11217
11218
11230
11232
11233
11234
11238
11243
11246
11247
11249
11257
11258
11259
11260
11261
11263
11264
11265
11266
11267
11270
11272
11276
11277
11278
11279
11280
11283
11284
11289
11291
11292
11293
11295
11298
11300
11301
11303
11305
11307
